   1.9600000e+01   9.5900000e+01
   1.9500000e+01   9.6400000e+01
   1.9600000e+01   9.6200000e+01
   1.9600000e+01   9.6100000e+01
   1.9600000e+01   9.5900000e+01
   1.9600000e+01   9.6400000e+01
   1.9500000e+01   9.6600000e+01
   1.9500000e+01   9.6300000e+01
   1.9600000e+01   9.6000000e+01
   1.9500000e+01   9.5800000e+01
   1.9400000e+01   9.5800000e+01
   1.9500000e+01   9.5800000e+01
   1.9500000e+01   9.5400000e+01
   1.9600000e+01   9.5300000e+01
   1.9600000e+01   9.5100000e+01
   1.9600000e+01   9.5100000e+01
   1.9700000e+01   9.5000000e+01
   1.9900000e+01   9.4800000e+01
   2.0000000e+01   9.4700000e+01
   2.0000000e+01   9.4700000e+01
   2.0000000e+01   9.4200000e+01
   2.0000000e+01   9.4000000e+01
   2.0100000e+01   9.3800000e+01
   2.0200000e+01   9.3800000e+01
   2.0400000e+01   9.3400000e+01
   2.3500000e+01   7.7800000e+01
   2.3900000e+01   7.5100000e+01
   2.3000000e+01   7.9000000e+01
   2.3000000e+01   7.2000000e+01
   2.3200000e+01   7.2100000e+01
   2.6700000e+01   7.6500000e+01
   2.6900000e+01   7.8900000e+01
   2.3500000e+01   7.7800000e+01
   2.3900000e+01   7.5100000e+01
   2.3000000e+01   7.9000000e+01
   2.3000000e+01   7.2000000e+01
   2.3200000e+01   7.2100000e+01
   2.6700000e+01   7.6500000e+01
   2.6900000e+01   7.8900000e+01
   2.2000000e+01   7.0200000e+01
   2.2100000e+01   7.2900000e+01
   2.2300000e+01   7.0800000e+01
   2.0800000e+01   7.5300000e+01
   2.0600000e+01   7.3100000e+01
   2.0500000e+01   7.3700000e+01
   2.2500000e+01   8.1000000e+01
   2.5800000e+01   7.2200000e+01
   2.5800000e+01   7.2200000e+01
   2.2500000e+01   7.1300000e+01
   2.6500000e+01   8.0000000e+01
   2.6100000e+01   7.9000000e+01
   2.4600000e+01   7.7200000e+01
   2.6100000e+01   7.5800000e+01
   1.8500000e+01   9.0100000e+01
   1.8400000e+01   8.9300000e+01
   1.8600000e+01   8.8400000e+01
   1.8600000e+01   8.8400000e+01
   1.8500000e+01   8.8200000e+01
   1.8400000e+01   8.9600000e+01
   1.8400000e+01   8.9200000e+01
   1.8300000e+01   8.9400000e+01
   1.8500000e+01   8.9900000e+01
   1.8700000e+01   8.9400000e+01
   1.8900000e+01   8.8100000e+01
   1.9000000e+01   8.7100000e+01
   1.8800000e+01   8.5300000e+01
   1.8900000e+01   8.7600000e+01
   1.9700000e+01   8.3700000e+01
   2.0000000e+01   8.5000000e+01
   2.0300000e+01   8.3600000e+01
   2.0400000e+01   8.3300000e+01
   2.0500000e+01   8.2000000e+01
   2.0500000e+01   8.2100000e+01
   2.0400000e+01   8.0400000e+01
   2.0600000e+01   8.0200000e+01
   2.0700000e+01   8.1100000e+01
   3.6500000e+01   4.3300000e+01
   3.5100000e+01   4.0700000e+01
   3.7900000e+01   3.9200000e+01
   3.7900000e+01   3.9200000e+01
   3.6500000e+01   4.0200000e+01
   4.0200000e+01   4.0200000e+01
   4.0200000e+01   4.0200000e+01
   3.1400000e+01   4.8100000e+01
   2.9700000e+01   4.9700000e+01
   2.9700000e+01   4.9700000e+01
   3.0300000e+01   4.6900000e+01
   3.0300000e+01   4.8700000e+01
   3.0300000e+01   4.6900000e+01
   3.0860000e+01   4.6900000e+01
   3.2400000e+01   4.4900000e+01
   3.3300000e+01   4.5800000e+01
   3.5000000e+01   3.9800000e+01
   3.5600000e+01   4.0600000e+01
   3.5600000e+01   4.0600000e+01
   2.9000000e+01   5.2600000e+01
   3.0100000e+01   5.1100000e+01
   3.1100000e+01   4.7700000e+01
   3.1100000e+01   4.6200000e+01
   3.0800000e+01   4.4600000e+01
   2.8800000e+01   4.9200000e+01
   2.8400000e+01   7.7600000e+01
   2.8700000e+01   7.6700000e+01
   2.8600000e+01   7.6300000e+01
   2.8400000e+01   7.6700000e+01
   2.8300000e+01   7.5300000e+01
   2.8500000e+01   7.5400000e+01
   2.9100000e+01   7.5600000e+01
   2.9300000e+01   7.3000000e+01
   2.9300000e+01   7.4200000e+01
   2.9900000e+01   7.4300000e+01
   2.9900000e+01   7.0500000e+01
   3.0700000e+01   7.4700000e+01
   2.9300000e+01   4.9500000e+01
   2.9100000e+01   4.9200000e+01
   2.8600000e+01   5.4100000e+01
   2.8900000e+01   7.7800000e+01
   2.9200000e+01   7.8100000e+01
   2.8200000e+01   7.8700000e+01
   2.9200000e+01   7.4800000e+01
   3.0000000e+01   7.6800000e+01
   3.0400000e+01   7.3400000e+01
   3.0600000e+01   7.2800000e+01
   3.0800000e+01   7.4200000e+01
   3.1200000e+01   7.3300000e+01
   3.2200000e+01   7.4400000e+01
   3.4400000e+01   7.2600000e+01
   3.5600000e+01   6.0900000e+01
   3.4400000e+01   6.1100000e+01
   3.3300000e+01   6.3800000e+01
   3.2300000e+01   6.4300000e+01
   3.1400000e+01   6.5400000e+01
   3.0600000e+01   6.6800000e+01
   2.9900000e+01   6.8400000e+01
   2.9300000e+01   6.8500000e+01
   2.8900000e+01   7.0100000e+01
   2.8600000e+01   7.0500000e+01
   2.8500000e+01   7.2700000e+01
   2.8400000e+01   7.0700000e+01
   2.8300000e+01   7.2400000e+01
   2.8400000e+01   7.3100000e+01
   2.8500000e+01   7.0500000e+01
   2.8400000e+01   7.3100000e+01
   2.4100000e+01   5.9000000e+01
   2.4100000e+01   5.7300000e+01
   2.5300000e+01   5.3200000e+01
   2.6000000e+01   5.3600000e+01
   2.6700000e+01   5.2100000e+01
   2.6400000e+01   5.5600000e+01
   2.5900000e+01   5.6500000e+01
   2.2400000e+01   9.2000000e+01
   2.2600000e+01   9.1500000e+01
   2.2700000e+01   9.0800000e+01
   2.2800000e+01   9.1200000e+01
   2.3100000e+01   9.1600000e+01
   2.3300000e+01   9.1000000e+01
   2.3600000e+01   9.1300000e+01
   2.3900000e+01   9.0700000e+01
   2.4000000e+01   9.0200000e+01
   2.4000000e+01   9.0000000e+01
   2.3900000e+01   8.9500000e+01
   2.3900000e+01   8.9900000e+01
   2.3900000e+01   8.8900000e+01
   2.3400000e+01   8.0600000e+01
   2.2700000e+01   8.2700000e+01
   2.2300000e+01   8.2900000e+01
   2.2000000e+01   8.4300000e+01
   2.1600000e+01   8.5600000e+01
   2.1500000e+01   8.7300000e+01
   2.1300000e+01   8.8600000e+01
   2.1300000e+01   8.8300000e+01
   2.1300000e+01   8.8700000e+01
   2.1200000e+01   8.8000000e+01
   2.1100000e+01   8.9400000e+01
   2.1000000e+01   9.0000000e+01
   2.1100000e+01   9.0600000e+01
   2.1300000e+01   8.9000000e+01
   2.1100000e+01   8.9500000e+01
   2.1200000e+01   8.9300000e+01
   2.1300000e+01   8.9800000e+01
   2.1400000e+01   8.9800000e+01
   2.1400000e+01   8.7200000e+01
   2.1300000e+01   8.5300000e+01
   2.1300000e+01   8.5400000e+01
   2.1100000e+01   8.4900000e+01
   2.0900000e+01   8.5900000e+01
   2.0900000e+01   8.7300000e+01
   2.0700000e+01   8.6800000e+01
   2.0800000e+01   8.7700000e+01
   2.0800000e+01   8.7100000e+01
   2.0700000e+01   8.7100000e+01
   2.0800000e+01   8.5800000e+01
   2.0900000e+01   8.6100000e+01
   2.1000000e+01   8.5900000e+01
   2.1000000e+01   8.4800000e+01
   2.1000000e+01   8.6700000e+01
   2.0800000e+01   8.4300000e+01
   2.0600000e+01   8.6300000e+01
   2.0400000e+01   8.7800000e+01
   2.0500000e+01   9.0200000e+01
