   2.0400000e+01
   2.6900000e+01
   2.2700000e+01
   2.9300000e+01
   2.2700000e+01
   2.9900000e+01
   3.5600000e+01
   2.1400000e+01
   2.1000000e+01
   1.9600000e+01
   2.8500000e+01
   2.9700000e+01
   2.0800000e+01
   2.0000000e+01
   2.2100000e+01
   2.1400000e+01
   3.3300000e+01
   3.5600000e+01
   1.9600000e+01
   2.3100000e+01
   2.8700000e+01
   2.5900000e+01
   2.9300000e+01
   1.9900000e+01
   3.0860000e+01
   2.9300000e+01
   2.1100000e+01
   1.9500000e+01
   2.9000000e+01
   1.9500000e+01
   3.2200000e+01
   2.2100000e+01
   2.9200000e+01
   3.0800000e+01
   2.0000000e+01
   2.8800000e+01
   2.9300000e+01
   2.9900000e+01
   2.0500000e+01
   2.4600000e+01
   2.7400000e+01
   2.6900000e+01
   1.8400000e+01
   2.2800000e+01
   2.1000000e+01
   2.2600000e+01
   2.0400000e+01
   2.0500000e+01
   2.3000000e+01
   1.9500000e+01
