"Year" "Month" "SunRadiation"
61 1 3.4
61 2 3
61 3 3.6
61 4 3.7
61 5 4.9
61 6 5.4
61 7 5.1
61 8 5.3
61 9 5.7
61 10 4.3
61 11 2.6
61 12 2
62 1 2.7
62 2 2.8
62 3 3.9
62 4 5
62 5 5
62 6 5.5
62 7 5.3
62 8 5.6
62 9 4.6
62 10 3.6
62 11 2.8
62 12 2.7
63 1 3.1
63 2 3.6
63 3 3.8
63 4 5
63 5 5.5
63 6 5.8
63 7 5.7
63 8 5.2
63 9 5.7
63 10 5.8
63 11 2.8
63 12 2.8
64 1 3.3
64 2 3.8
64 3 4.1
64 4 4.4
64 5 5.3
64 6 5.5
64 7 5.5
64 8 5.6
64 9 4.9
64 10 4.8
64 11 3.9
64 12 1.8
65 1 2.8
65 2 3.5
65 3 3.5
65 4 4.6
65 5 5.8
65 6 5.7
65 7 5.9
65 8 5.3
65 9 4.8
65 10 4.5
65 11 3.2
65 12 2.3
66 1 2.7
66 2 2.9
66 3 4.4
66 4 3.8
66 5 5.5
66 6 5.8
66 7 5.8
66 8 5.5
66 9 4.6
66 10 4.6
66 11 2.5
66 12 2.3
67 1 2.5
67 2 3.7
67 3 4.2
67 4 5
67 5 5.1
67 6 5.5
67 7 5.1
67 8 5.3
67 9 5.2
67 10 4.1
67 11 2.4
67 12 2.1
68 1 3.2
68 2 4.4
68 3 4.7
68 4 5.1
68 5 4.6
68 6 5.5
68 7 5.5
68 8 5.1
68 9 5
68 10 4.3
68 11 2.4
68 12 2
69 1 2.4
69 2 3.3
69 3 4.6
69 4 4.8
69 5 5.6
69 6 5.2
69 7 4.9
69 8 6.1
69 9 4.5
69 10 4.7
69 11 2.3
69 12 2.2
70 1 2.8
70 2 3.6
70 3 3.9
70 4 4.9
70 5 5.7
70 6 5.4
70 7 4.9
70 8 5.9
70 9 5.5
70 10 4
70 11 2.1
70 12 2.1
71 1 2.6
71 2 3.2
71 3 4.1
71 4 5.5
71 5 5.4
71 6 5.8
71 7 5.3
71 8 5.6
71 9 4.4
71 10 4.8
71 11 3.4
71 12 2.3
72 1 3.1
72 2 3.3
72 3 3.8
72 4 5.2
72 5 5.2
72 6 5.3
72 7 5
72 8 5.1
72 9 4.4
72 10 3.6
72 11 2
72 12 1.7
73 1 2.8
73 2 3.2
73 3 3.5
73 4 3.8
73 5 4.3
73 6 5.3
73 7 5.2
73 8 5.5
73 9 5.1
73 10 4.6
73 11 2.5
73 12 2.3
74 1 2.1
74 2 3.5
74 3 4.1
74 4 5
74 5 4.9
74 6 4.6
74 7 6
74 8 5
74 9 4.3
74 10 4.5
74 11 2.7
74 12 1.9
75 1 2.1
75 2 3
75 3 3.6
75 4 5
75 5 5
75 6 5.1
75 7 5.8
75 8 4.9
75 9 4.4
75 10 4.5
75 11 3.2
75 12 2.2
76 1 2.3
76 2 3.7
76 3 4.1
76 4 5.7
76 5 5.3
76 6 5.1
76 7 5.3
76 8 5.6
76 9 4.9
76 10 4.2
76 11 3.6
76 12 2.6
77 1 3.3
77 2 3.9
77 3 4.5
77 4 5
77 5 6
77 6 5
77 7 5.5
77 8 5
77 9 4.8
77 10 4.1
77 11 2
77 12 2.1
78 1 2.8
78 2 4.8
78 3 4.3
78 4 5.1
78 5 4.8
78 6 5.5
78 7 5.1
78 8 5.1
78 9 5.7
78 10 4.4
78 11 2.8
78 12 2.8
79 1 2.5
79 2 3.6
79 3 3.8
79 4 4.3
79 5 5.7
79 6 5.4
79 7 5.1
79 8 4.4
79 9 5.3
79 10 3.8
79 11 3.2
79 12 2.6
80 1 2.4
80 2 3.3
80 3 3.8
80 4 4.7
80 5 5.3
80 6 5.7
80 7 5.5
80 8 5.2
80 9 5.4
80 10 4.5
80 11 3.2
80 12 2.3
81 1 3.2
81 2 3.1
81 3 4.4
81 4 4.7
81 5 5
81 6 5.2
81 7 5.3
81 8 5.3
81 9 4.6
81 10 4.7
81 11 3.4
81 12 2
82 1 2.7
82 2 3.4
82 3 4
82 4 5.3
82 5 5.4
82 6 5.1
82 7 5.7
82 8 5
82 9 4.4
82 10 4.1
82 11 2.2
82 12 1.8
83 1 2.2
83 2 3.2
83 3 4.3
83 4 4
83 5 4.9
83 6 5.3
83 7 6.1
83 8 5.9
83 9 5.6
83 10 3.8
83 11 2.6
83 12 1.9
84 1 2.6
84 2 3.3
84 3 3.7
84 4 4.3
84 5 4.8
84 6 5.7
84 7 5.1
84 8 5.3
84 9 4.6
84 10 3.2
84 11 3.3
84 12 2.1
85 1 2.2
85 2 3.9
85 3 4.2
85 4 5.4
85 5 5.1
85 6 4.9
85 7 5.3
85 8 5.1
85 9 5.8
85 10 3.8
85 11 1.8
85 12 2.4
86 1 2.9
86 2 2.7
86 3 4.3
86 4 5.1
86 5 5.2
86 6 5.4
86 7 5.7
86 8 5.6
86 9 4.8
86 10 4.3
86 11 2.5
86 12 2
87 1 2.2
87 2 3.7
87 3 5
87 4 4.8
87 5 5.8
87 6 5.7
87 7 5.6
87 8 5.2
87 9 4.7
87 10 4.3
87 11 3.3
87 12 1.6
88 1 3.1
88 2 3.3
88 3 4.1
88 4 5.1
88 5 5.9
88 6 6.4
88 7 5.5
88 8 5.8
88 9 5
88 10 4
88 11 2.8
88 12 3.1
89 1 3.3
89 2 3.5
89 3 4.4
89 4 4.7
89 5 4.2
89 6 4.9
89 7 5.4
89 8 5.2
89 9 4.9
89 10 4.3
89 11 2.8
89 12 2.8
90 1 2.5
90 2 3.3
90 3 4
90 4 4.9
90 5 4.5
90 6 5.1
90 7 5.4
90 8 5.2
90 9 4.6
90 10 4.3
90 11 3.5
90 12 2.3
