   9.3400000e+01
   7.8900000e+01
   8.2700000e+01
   6.2300000e+01
   7.3000000e+01
   5.9400000e+01
   6.0900000e+01
   8.9800000e+01
   9.1700000e+01
   9.6200000e+01
   7.0500000e+01
   6.2400000e+01
   9.1800000e+01
   9.5000000e+01
   8.7900000e+01
   8.7200000e+01
   6.3800000e+01
   4.0600000e+01
   9.5900000e+01
   8.0200000e+01
   7.6700000e+01
   5.6500000e+01
   7.4200000e+01
   9.4800000e+01
   4.6900000e+01
   7.3000000e+01
   9.0600000e+01
   9.6300000e+01
   5.2600000e+01
   9.5400000e+01
   7.4400000e+01
   8.8100000e+01
   7.8100000e+01
   4.4600000e+01
   9.3700000e+01
   4.9200000e+01
   5.8800000e+01
   7.0500000e+01
   9.3000000e+01
   7.7200000e+01
   6.7500000e+01
   7.8900000e+01
   8.9600000e+01
   9.1200000e+01
   9.0000000e+01
   9.1500000e+01
   8.7800000e+01
   8.2000000e+01
   7.6900000e+01
   9.5800000e+01
