   4.3515329e+01   4.8244392e+01   1.6866249e+02
   4.6702718e+01   8.4274219e+01   1.1312936e+02
   1.9444539e+01   5.6739257e+01   2.0362032e+02
   4.6968155e+01   6.9126389e+01   1.4536055e+02
   3.7132574e+01   4.8441978e+01   1.0730196e+02
   1.8413914e+01   7.3312971e+01   2.3025133e+02
   2.4747438e+01   5.3989363e+01   2.1707205e+02
   3.4140853e+01   7.6282509e+01   1.4898268e+02
   4.8512739e+01   7.8285227e+01   1.6409729e+02
   4.8771099e+01   8.1644641e+01   1.5669234e+02
   2.0516458e+01   6.4680871e+01   7.7418139e+01
   4.8970747e+01   4.3777819e+01   9.6960483e+01
   4.8500843e+01   5.2051687e+01   1.3242298e+02
   3.1988148e+01   9.1060230e+01   8.2172025e+01
   4.3009816e+01   4.7685547e+01   2.1046054e+02
   1.9966022e+01   8.6071568e+01   7.4705737e+01
   2.9761645e+01   6.9685519e+01   8.1217652e+01
   4.7050743e+01   9.5779679e+01   6.9677982e+01
   4.2727257e+01   4.3456005e+01   8.1581838e+01
   4.8582235e+01   6.4232661e+01   1.2506102e+02
   3.7950924e+01   4.5079208e+01   9.9020378e+01
   1.6249909e+01   9.3828191e+01   2.2698635e+02
   4.4719526e+01   3.9264151e+01   1.2391334e+02
   4.7689764e+01   8.3169896e+01   7.2626611e+01
   3.8755730e+01   8.5586284e+01   2.2312012e+02
   4.1520905e+01   8.8515598e+01   2.3876741e+02
   4.1009636e+01   4.3812843e+01   1.2572382e+02
   2.8727946e+01   6.1787611e+01   5.7223918e+01
   3.7941726e+01   5.3812613e+01   8.7935521e+01
   2.0991534e+01   8.4603903e+01   1.1942245e+02
   3.9711613e+01   6.3590588e+01   1.5833328e+02
   1.6114150e+01   9.0906913e+01   8.8802255e+01
   2.4692304e+01   4.9365281e+01   1.5999421e+02
   1.6615999e+01   5.4036766e+01   1.8264410e+02
   1.8399612e+01   4.7295722e+01   8.0345067e+01
   4.3821024e+01   4.6755908e+01   5.8540289e+01
   3.9319002e+01   8.8549656e+01   9.6005258e+01
   2.6098482e+01   7.2043161e+01   1.0062467e+02
   4.8257772e+01   7.0342032e+01   1.2265085e+02
   1.6205613e+01   4.7262423e+01   1.4014238e+02
   3.0356053e+01   8.7622774e+01   5.1872802e+01
   2.8354546e+01   7.4457142e+01   8.8858787e+01
   4.1793088e+01   5.9004286e+01   2.0141206e+02
   4.2831997e+01   6.8255224e+01   4.0107038e+01
   2.1540541e+01   6.1903058e+01   2.2813052e+02
   3.2141754e+01   4.3330101e+01   1.8663915e+02
   3.0595517e+01   5.2675221e+01   1.3611928e+02
   3.7620955e+01   4.6029179e+01   1.5491174e+02
   3.9827769e+01   4.9482744e+01   8.3592268e+01
   4.1414034e+01   5.2677294e+01   1.2989941e+02
   2.4660878e+01   6.2784223e+01   2.3528550e+02
   3.8789594e+01   4.1830303e+01   1.4828240e+02
   3.7928430e+01   9.0454818e+01   1.4291739e+02
   2.0691411e+01   9.2852870e+01   8.2403227e+01
   1.9164919e+01   6.6979253e+01   1.3617963e+02
   3.2442742e+01   6.6887400e+01   1.6442856e+02
   4.8591039e+01   5.8250006e+01   1.7593933e+02
   2.6913500e+01   9.0303069e+01   1.1666268e+02
   3.5484371e+01   6.0047067e+01   1.1079426e+02
   2.2833418e+01   4.5338557e+01   2.4048824e+02
   4.1294347e+01   8.3474368e+01   4.1887423e+01
   2.3928329e+01   6.1215114e+01   2.1900011e+02
   3.2708497e+01   5.2776403e+01   2.2487695e+02
   3.9467685e+01   6.2022992e+01   2.0040243e+02
   4.6181614e+01   4.4497908e+01   5.4630866e+01
   4.8575200e+01   4.6522478e+01   8.8731077e+01
   3.4152544e+01   9.2696884e+01   1.0408958e+02
   1.9851855e+01   9.3499669e+01   1.7606314e+02
   2.0225290e+01   7.1786890e+01   6.2539606e+01
   2.4012789e+01   4.2407434e+01   1.8473655e+02
   4.4425104e+01   5.2382455e+01   5.6313229e+01
   2.3899876e+01   5.9130039e+01   1.7063529e+02
   4.3499969e+01   8.5808060e+01   1.3728235e+02
   2.3523374e+01   3.9877996e+01   1.9682181e+02
   4.7524227e+01   4.1452357e+01   1.8344275e+02
   2.7249432e+01   4.8632432e+01   2.2287760e+02
   2.1880834e+01   7.5999582e+01   2.2020280e+02
   2.3787935e+01   8.0708176e+01   1.0384008e+02
   3.6561564e+01   7.5921520e+01   1.8003788e+02
   3.1565110e+01   6.4702651e+01   7.5342254e+01
   2.7308083e+01   7.0179507e+01   4.0383058e+01
   4.4079002e+01   5.5890286e+01   1.8951152e+02
   3.5484243e+01   8.1447490e+01   1.3850469e+02
   3.4240326e+01   4.9770436e+01   1.3430373e+02
   4.7101778e+01   7.8146200e+01   2.2308695e+02
   2.5004366e+01   4.9460136e+01   1.6146213e+02
   4.1502008e+01   6.0003622e+01   1.6309228e+02
   4.1380518e+01   7.4660258e+01   2.1362344e+02
   2.8315605e+01   8.3472964e+01   2.0234729e+02
   3.4873757e+01   4.3624169e+01   1.5453480e+02
   1.7654900e+01   9.1975000e+01   7.2230796e+01
   1.6888254e+01   8.3215623e+01   8.4145790e+01
   3.3577914e+01   6.6747123e+01   2.1928099e+02
   4.2270853e+01   6.3843940e+01   3.9992898e+01
   4.7690374e+01   6.4466674e+01   1.3638939e+02
   1.9546717e+01   5.6461920e+01   6.9096773e+01
   3.4908828e+01   6.7984993e+01   2.3854426e+02
   3.1428672e+01   6.8113979e+01   1.8295314e+02
   1.5416572e+01   8.5604779e+01   1.3859857e+02
   2.6799293e+01   8.4305391e+01   1.3245747e+02
