  -1.0000000e+04   9.6800000e+01
  -1.0000000e+04   9.6500000e+01
  -1.0000000e+04   9.6700000e+01
  -1.0000000e+04   9.6500000e+01
  -1.0000000e+04   9.6600000e+01
  -1.0000000e+04   9.6100000e+01
  -1.0000000e+04   9.6500000e+01
  -1.0000000e+04   9.6900000e+01
  -1.0000000e+04   9.6900000e+01
  -1.0000000e+04   9.4700000e+01
  -1.0000000e+04   9.5300000e+01
  -1.0000000e+04   9.5900000e+01
  -1.0000000e+04   9.5200000e+01
  -1.0000000e+04   7.3000000e+01
  -1.0000000e+04   7.2000000e+01
  -1.0000000e+04   6.9300000e+01
  -1.0000000e+04   6.9000000e+01
  -1.0000000e+04   7.1300000e+01
  -1.0000000e+04   7.6000000e+01
  -1.0000000e+04   7.5500000e+01
  -1.0000000e+04   6.6800000e+01
  -1.0000000e+04   6.7500000e+01
  -1.0000000e+04   6.6200000e+01
  -1.0000000e+04   7.0600000e+01
  -1.0000000e+04   6.2300000e+01
  -1.0000000e+04   6.2400000e+01
  -1.0000000e+04   7.0400000e+01
  -1.0000000e+04   6.5600000e+01
  -1.0000000e+04   6.1100000e+01
  -1.0000000e+04   5.9400000e+01
  -1.0000000e+04   6.2500000e+01
  -1.0000000e+04   6.0300000e+01
  -1.0000000e+04   5.8800000e+01
  -1.0000000e+04   6.1800000e+01
  -1.0000000e+04   6.2100000e+01
  -1.0000000e+04   5.9300000e+01
  -1.0000000e+04   5.9500000e+01
  -1.0000000e+04   6.1800000e+01
  -1.0000000e+04   7.6400000e+01
  -1.0000000e+04   7.6400000e+01
  -1.0000000e+04   7.6900000e+01
  -1.0000000e+04   7.8500000e+01
  -1.0000000e+04   8.0200000e+01
  -1.0000000e+04   8.2000000e+01
  -1.0000000e+04   8.0900000e+01
  -1.0000000e+04   7.9600000e+01
  -1.0000000e+04   8.0200000e+01
  -1.0000000e+04   7.9100000e+01
  -1.0000000e+04   8.2400000e+01
  -1.0000000e+04   8.3100000e+01
   2.2700000e+01  -1.0000000e+04
   2.2600000e+01  -1.0000000e+04
   2.2500000e+01  -1.0000000e+04
   2.2300000e+01  -1.0000000e+04
   2.2100000e+01  -1.0000000e+04
   2.2000000e+01  -1.0000000e+04
   2.1900000e+01  -1.0000000e+04
   2.1900000e+01  -1.0000000e+04
   2.1800000e+01  -1.0000000e+04
   2.1700000e+01  -1.0000000e+04
   2.1600000e+01  -1.0000000e+04
   2.1700000e+01  -1.0000000e+04
   2.1700000e+01  -1.0000000e+04
   2.1800000e+01  -1.0000000e+04
   2.1700000e+01  -1.0000000e+04
   2.1800000e+01  -1.0000000e+04
   2.1900000e+01  -1.0000000e+04
   2.2000000e+01  -1.0000000e+04
   2.2100000e+01  -1.0000000e+04
   2.2000000e+01  -1.0000000e+04
   2.2100000e+01  -1.0000000e+04
   2.2000000e+01  -1.0000000e+04
   2.1700000e+01  -1.0000000e+04
   2.1600000e+01  -1.0000000e+04
   2.1300000e+01  -1.0000000e+04
   2.1100000e+01  -1.0000000e+04
   2.1100000e+01  -1.0000000e+04
   2.1200000e+01  -1.0000000e+04
   2.1300000e+01  -1.0000000e+04
   2.1000000e+01  -1.0000000e+04
   2.1000000e+01  -1.0000000e+04
   2.1000000e+01  -1.0000000e+04
   2.1000000e+01  -1.0000000e+04
   2.0900000e+01  -1.0000000e+04
   2.0900000e+01  -1.0000000e+04
   2.0800000e+01  -1.0000000e+04
   2.0600000e+01  -1.0000000e+04
   2.0500000e+01  -1.0000000e+04
   2.0400000e+01  -1.0000000e+04
   2.0200000e+01  -1.0000000e+04
   2.0000000e+01  -1.0000000e+04
   2.0000000e+01  -1.0000000e+04
   2.0000000e+01  -1.0000000e+04
   1.9900000e+01  -1.0000000e+04
   1.9900000e+01  -1.0000000e+04
   1.9900000e+01  -1.0000000e+04
   2.0000000e+01  -1.0000000e+04
   1.9900000e+01  -1.0000000e+04
   1.9700000e+01  -1.0000000e+04
   1.9600000e+01  -1.0000000e+04
