  -1.6454964e+00   4.4133588e+00
  -1.2891424e+00   5.5504477e+00
   4.2183788e-04   4.7447877e+00
  -1.5880637e+00   6.4555427e+00
   5.5748343e-01   4.5508653e+00
  -2.3613732e+00   6.9238060e+00
   9.0008162e-01   4.7424226e+00
  -8.2214078e-01   6.3214452e+00
  -3.1666096e+00   6.1951146e+00
  -2.9310778e-01   2.8410954e+00
  -3.2253345e+00   5.5522497e+00
  -6.5880083e-01   4.6113939e+00
   1.2512381e+00   4.0391132e+00
  -1.1661367e+00   4.6781648e+00
  -5.1297704e-01   5.2161225e+00
  -3.2703098e-01   4.8753936e+00
  -1.3749556e+00   6.8731344e+00
  -1.7951121e-01   3.4837942e+00
  -1.3748738e+00   5.1938953e+00
  -1.2150817e-01   4.2459924e+00
  -1.9980116e+00   6.5961179e+00
  -9.2953934e-01   5.4307237e+00
  -1.2905417e+00   5.8440015e+00
  -1.7783423e+00   5.2926341e+00
  -9.1144375e-01   5.7463097e+00
  -2.4736744e+00   7.0572070e+00
  -2.6397946e+00   5.2202916e+00
  -2.4532807e+00   4.9450741e+00
  -1.8033752e+00   5.4626505e+00
  -1.5742250e-01   3.9824815e+00
  -9.5015786e-01   6.0410711e+00
   2.4795985e-01   4.1382451e+00
  -1.2904413e-02   3.5507071e+00
  -1.4811165e+00   5.3108758e+00
  -2.3607952e+00   4.9999184e+00
  -9.7228266e-01   3.7186686e+00
  -1.3478085e+00   5.5175822e+00
   2.2412526e-01   3.8992505e+00
  -1.7336494e+00   5.6943223e+00
   5.7955168e-01   5.2238997e+00
  -7.4574249e-01   4.8331971e+00
  -5.3560779e-01   4.2178250e+00
  -1.7150340e+00   5.6445034e+00
  -2.0158427e+00   6.2719184e+00
  -1.1760280e+00   5.4504841e+00
  -9.7870545e-01   4.9542368e+00
  -2.4609035e+00   5.6697056e+00
  -8.8955437e-01   4.0660624e+00
  -1.7686558e+00   5.2684999e+00
  -5.7864891e-01   4.7539902e+00
  -2.3738002e-02   5.0338817e+00
  -2.8909182e+00   6.6229166e+00
  -1.7256232e+00   5.5486941e+00
  -1.2710658e+00   4.4342435e+00
  -3.2515725e+00   4.9261148e+00
  -3.5941471e+00   6.3757729e+00
  -2.6935260e+00   5.6614145e+00
  -1.0459956e-01   4.6829555e+00
   6.1860819e-01   2.1508439e+00
  -1.6378905e+00   5.8560006e+00
  -1.4515542e+00   5.4947834e+00
  -8.2227063e-01   4.8325172e+00
  -1.8553043e-01   4.2490196e+00
  -1.2016225e-01   5.0750863e+00
   1.5059596e+00   3.9377131e+00
  -5.2721201e-01   4.1430944e+00
  -2.1679817e+00   5.5941597e+00
   1.3186483e+00   3.0136179e+00
  -1.9978571e+00   4.8248640e+00
  -1.7049874e+00   6.6764392e+00
  -9.2835912e-02   2.9283821e+00
  -8.2446248e-01   3.8548536e+00
  -9.3175568e-01   7.2609816e+00
  -9.9408375e-01   5.0792495e+00
  -2.3395773e+00   6.0129371e+00
  -2.2854509e+00   6.8183868e+00
  -2.6765230e+00   4.1571793e+00
  -2.4413198e-01   6.1467800e+00
  -1.8957689e+00   6.3660795e+00
  -2.7346408e+00   4.9607726e+00
  -5.2344980e-01   4.5261435e+00
  -1.2539696e+00   5.5053223e+00
  -2.3031568e+00   4.9017853e+00
  -7.0973961e-01   4.3005958e+00
  -5.6033655e-01   4.3304627e+00
  -4.9660676e-01   4.6197139e+00
  -1.6100599e+00   4.7413649e+00
  -1.3539364e+00   5.6963004e+00
  -1.4320997e+00   5.2975376e+00
  -8.3552124e-01   6.1139454e+00
  -4.8950300e-01   4.0910514e+00
   6.4276118e-01   5.0165141e+00
  -1.6151261e+00   5.7743132e+00
  -1.6286713e+00   5.8712679e+00
  -1.1765579e+00   5.0093092e+00
   1.6125413e-01   4.3477617e+00
  -1.3984681e+00   4.0429926e+00
  -7.1644805e-02   5.5519127e+00
  -1.7356263e+00   5.2031474e+00
  -1.8559946e+00   5.7706566e+00
   8.1311089e-01   4.7383870e+00
  -1.3965026e-01   4.3527706e+00
  -4.3217570e-01   4.8593111e+00
  -9.9335819e-01   4.6196998e+00
  -1.5997869e+00   6.3138524e+00
   1.7523115e-01   3.6250109e+00
   1.3125586e-01   5.5614601e+00
  -2.7619150e+00   6.7828117e+00
  -2.1518360e+00   6.8535013e+00
  -1.3682930e+00   5.4324249e+00
   4.8413804e-01   5.5103503e+00
  -6.0890342e-01   4.7524874e+00
   3.0765292e-01   4.2089341e+00
  -1.5771786e+00   4.9206696e+00
  -5.2289970e-01   5.1552500e+00
  -1.6215239e+00   4.9515124e+00
  -2.8751440e+00   5.8868625e+00
  -6.9221380e-01   4.6268660e+00
  -9.6095450e-01   4.7958433e+00
  -1.7617051e+00   3.5387331e+00
  -1.5499148e+00   5.0709798e+00
  -1.7794407e+00   3.9103761e+00
  -4.7953689e-01   5.0188561e+00
  -2.0408009e+00   6.1611436e+00
  -4.0813517e-01   4.1000971e+00
  -1.2916087e+00   5.7448378e+00
  -1.2361802e+00   5.4886579e+00
  -1.8767790e+00   5.4491196e+00
  -1.8368163e+00   6.9390849e+00
  -1.6729458e+00   6.0047688e+00
  -1.9196951e+00   5.4328923e+00
  -1.7064220e+00   5.9605271e+00
  -1.6420524e+00   5.8838066e+00
  -2.5197377e+00   7.2185401e+00
  -2.7453939e+00   4.6690901e+00
  -4.1289066e+00   7.1958181e+00
  -4.5431208e-01   4.9036328e+00
  -1.9747278e+00   4.7043597e+00
  -7.7898981e-01   3.4532494e+00
  -1.3942212e+00   4.4255481e+00
  -1.6215895e-01   4.4981351e+00
  -6.2059577e-01   5.1640733e+00
   4.7959824e-01   4.8437793e+00
  -7.6182506e-01   4.6060837e+00
  -4.6101716e-01   4.5302645e+00
  -1.3787304e+00   5.7740815e+00
  -1.9146769e+00   6.1772233e+00
  -2.7242253e+00   6.9032395e+00
  -2.3712544e+00   4.0418285e+00
   7.6074321e-01   3.0739457e+00
  -2.2982462e+00   5.8969210e+00
  -4.8797775e-01   5.6543999e+00
  -9.3174196e-01   4.1901301e+00
  -3.1057568e-01   4.4040876e+00
  -1.2237808e+00   4.7170732e+00
  -1.2737300e+00   5.0785776e+00
  -3.6994735e-01   4.2928428e+00
  -1.3167321e+00   5.8143905e+00
  -7.5834754e-01   3.5366551e+00
   4.1686918e-01   6.0420319e+00
  -3.8090996e-01   3.5094447e+00
  -1.5947501e+00   6.1709999e+00
  -1.2762087e+00   6.1404678e+00
   4.1660019e-01   4.1474477e+00
  -2.7844352e+00   6.0480462e+00
  -6.8173799e-01   4.4521520e+00
   5.4677814e-01   4.9065136e+00
  -9.8861538e-01   5.2718617e+00
  -8.0122084e-01   5.1006266e+00
  -3.3886000e-02   5.2615105e+00
   1.3076969e+00   3.7726216e+00
  -4.4832021e-02   5.5629393e+00
  -1.5657798e+00   5.2626877e+00
  -9.9435637e-01   5.5978401e+00
  -1.6859416e+00   5.4093940e+00
  -9.8915793e-01   5.4406052e+00
  -3.4390503e+00   6.3763994e+00
  -2.0062516e+00   6.0130561e+00
  -4.4019715e-01   4.3567109e+00
  -5.2197089e-01   5.7987505e+00
  -2.3308975e+00   5.3730208e+00
  -4.8788209e-01   5.0623920e+00
  -7.9921664e-01   3.9159724e+00
   4.4970593e-02   5.6731752e+00
  -8.0004575e-01   5.6327759e+00
  -1.9425935e+00   5.2116081e+00
  -1.8967381e+00   4.6807722e+00
  -2.2373993e+00   5.2915804e+00
  -7.6141275e-01   5.2115368e+00
  -1.5434115e-01   4.9487400e+00
  -1.4253897e+00   5.7973726e+00
  -1.3235981e+00   4.6842279e+00
  -1.5486639e+00   5.3103911e+00
  -3.2004495e+00   5.9550500e+00
  -2.2631374e+00   5.0981788e+00
  -1.4163782e+00   5.9328403e+00
  -6.7314241e-01   5.1484782e+00
  -1.8440703e+00   5.1278925e+00
  -2.2142334e+00   5.2616907e+00
  -2.1061819e+00   5.5287287e+00
  -2.0330497e-01   3.9995732e+00
  -7.2264737e-01   4.0871129e+00
  -8.5644800e-01   4.8674023e+00
  -2.1959871e-01   4.2683359e+00
  -1.4255858e-01   4.3187858e+00
  -1.6256381e+00   5.7002250e+00
  -2.7228873e+00   7.3806104e+00
  -2.4578423e+00   5.0224562e+00
  -9.9175479e-02   6.1702063e+00
  -5.2918713e-01   4.8811261e+00
  -2.3936057e+00   5.1109932e+00
  -1.4146690e+00   5.7697920e+00
  -1.0640505e+00   5.3716478e+00
  -8.8197782e-01   4.4720092e+00
  -1.0611536e+00   5.1401990e+00
  -1.8310233e+00   4.1739775e+00
   1.0352895e-01   2.2302502e+00
  -1.4998772e+00   5.5133407e+00
  -1.9494430e+00   4.5365994e+00
  -2.9612624e+00   6.5303839e+00
  -2.2756559e+00   6.1599676e+00
   1.7565515e+00   4.5035256e+00
  -1.5972383e+00   5.8581202e+00
   4.8354042e-01   4.9263120e+00
  -1.5207168e+00   5.0197497e+00
   2.1988532e-02   6.4295535e+00
  -1.5943379e+00   5.5290856e+00
  -1.7110154e+00   5.7015594e+00
  -6.4543062e-01   5.9654134e+00
  -8.4044371e-01   4.0166267e+00
  -3.0562959e-01   7.2781979e+00
  -1.5045975e+00   4.1991225e+00
  -4.4161713e-01   5.9565992e+00
  -1.6997988e+00   6.5064689e+00
  -1.7536866e-01   4.0094928e+00
  -3.3663872e-01   2.9609360e+00
  -7.0319192e-01   4.0601733e+00
  -2.0571600e+00   5.6671752e+00
  -2.6500431e+00   6.2275152e+00
  -1.6002330e+00   5.5736098e+00
  -8.7581436e-01   4.5301884e+00
  -2.5367966e+00   5.7178926e+00
  -4.8672989e-01   6.2934907e+00
   6.1258498e-01   4.5656818e+00
  -1.4703784e+00   5.0525366e+00
  -1.1451482e+00   5.0888543e+00
  -2.0290437e+00   6.3433181e+00
  -1.0585247e+00   4.7542777e+00
  -1.8818969e+00   6.1655875e+00
   3.3804576e-02   3.7876027e+00
  -2.2990726e-01   3.9992719e+00
  -7.6696760e-01   4.1900645e+00
  -1.2821849e+00   3.5681472e+00
   6.3061990e-01   5.4222822e+00
  -3.1579907e+00   7.1522554e+00
  -6.4776733e-01   4.2307389e+00
  -3.2842769e-01   5.1208479e+00
  -9.5450102e-01   6.1504512e+00
   3.2251283e-01   3.5981322e+00
  -1.7829524e+00   4.5442575e+00
  -9.3923893e-01   4.6107676e+00
   3.6494572e-01   5.1630120e+00
  -1.8955405e+00   5.6956505e+00
   2.6009218e-01   4.2313454e+00
  -2.7669321e+00   6.8373421e+00
  -1.2288445e+00   4.1648001e+00
   4.2819993e-01   3.3777726e+00
  -4.4936370e-01   4.7409967e+00
  -1.0052009e+00   5.3254709e+00
  -7.4223089e-01   5.1428582e+00
  -1.9064481e+00   4.6356179e+00
  -2.4966502e+00   5.3940165e+00
  -3.0867826e+00   5.8230428e+00
  -3.9486343e-01   4.8616127e+00
  -2.9212975e+00   6.0924628e+00
  -6.0567133e-01   4.9931250e+00
  -2.8109912e+00   5.2594031e+00
  -4.9743430e-01   5.2354593e+00
  -7.2487372e-01   5.7715143e+00
  -8.3413378e-01   4.7449055e+00
  -1.3813818e+00   4.8924757e+00
   2.5642764e-01   4.8089971e+00
  -1.5611872e-01   3.8618737e+00
  -2.2358973e+00   7.1235780e+00
  -1.5210261e+00   4.5784429e+00
  -5.8481461e-01   4.8117633e+00
  -1.3791464e+00   4.5111205e+00
   7.4658329e-02   4.0736950e+00
  -2.2592638e+00   5.4945685e+00
  -4.7549707e-01   5.6231059e+00
  -2.7551068e-01   4.2825900e+00
  -6.5476471e-01   4.7995402e+00
  -7.5275578e-01   4.7369922e+00
  -2.3566897e+00   6.7175924e+00
   6.6391271e-01   2.4268449e+00
  -1.1399783e+00   5.5590959e+00
  -2.2661521e+00   5.7004487e+00
  -1.9896942e+00   4.2322553e+00
  -2.4457122e+00   5.7478736e+00
  -1.9348412e+00   5.4038948e+00
  -3.8885918e-01   4.6708548e+00
  -1.3302625e+00   5.6990686e+00
  -8.0946530e-01   4.9177028e+00
  -1.9175777e-01   5.1940151e+00
  -1.6671991e+00   6.8223471e+00
  -2.4269765e-01   5.2236511e+00
  -1.1858050e+00   4.9882291e+00
  -1.2964537e+00   4.5352783e+00
  -6.6977669e-01   6.4299489e+00
  -1.1739297e+00   4.7563596e+00
  -1.5789696e+00   6.1979499e+00
   7.0021209e-01   4.8906467e+00
  -9.5154628e-01   5.5611849e+00
  -9.7823075e-01   5.3267752e+00
  -1.4040530e+00   4.7095529e+00
  -2.4692437e+00   6.4008939e+00
   2.5158958e-01   4.2746591e+00
  -1.9626642e+00   5.4984004e+00
  -8.8643473e-01   4.9151424e+00
  -9.4347520e-01   4.5797334e+00
   1.4785618e-01   3.3945863e+00
  -1.2530760e+00   4.7640860e+00
  -1.8183706e+00   6.4810726e+00
  -1.5655124e+00   7.0184877e+00
  -8.6281138e-01   4.8967839e+00
  -1.1906618e+00   5.6436476e+00
  -2.4715734e+00   6.1110062e+00
   3.3948322e-02   3.0504009e+00
  -1.4789661e+00   5.4024554e+00
   1.5221935e+00   2.9492195e+00
  -1.0149445e+00   3.6290960e+00
  -1.2544490e+00   4.5199811e+00
  -9.1430102e-01   6.4132104e+00
  -7.7872604e-01   4.9683608e+00
  -4.5241301e-01   3.7957631e+00
   1.6268559e+00   4.3067929e+00
  -2.9429783e+00   6.3973097e+00
  -2.0122603e+00   5.2381246e+00
  -1.6840357e+00   5.8264187e+00
  -6.9200213e-01   4.5997571e+00
  -1.3756502e+00   4.0840051e+00
  -4.3758346e-01   3.6294310e+00
  -2.3904374e+00   5.5769196e+00
   1.5489052e-01   3.5925922e+00
  -7.3508126e-01   4.4135924e+00
  -6.7015767e-01   4.8809980e+00
  -2.2299690e+00   5.7403871e+00
  -1.5954169e+00   3.9419375e+00
  -8.3579539e-01   5.1891374e+00
  -1.7654783e+00   5.3021180e+00
  -1.8431977e-01   5.1500642e+00
  -1.6353714e+00   6.0584288e+00
  -1.7886464e+00   4.2539614e+00
  -5.3276405e-01   5.3161536e+00
  -1.8956551e+00   5.5843062e+00
  -3.0242551e-02   5.6418891e+00
  -2.5138388e+00   5.9200790e+00
  -1.7326591e+00   4.7265380e+00
   1.0343945e+00   2.2106118e+00
  -1.8493089e+00   4.5421996e+00
  -1.4665277e+00   4.1871623e+00
  -7.2219501e-01   4.9950592e+00
  -6.4386771e-01   3.6556455e+00
   1.9285681e+00   2.3242057e+00
   3.9974017e-01   4.4230000e+00
  -1.5069989e+00   6.9041721e+00
  -3.3564699e-01   3.9164081e+00
   4.2137375e-01   2.9068393e+00
  -1.0492573e+00   3.0152875e+00
  -3.4280166e+00   5.4469921e+00
  -1.3070584e+00   5.6221809e+00
  -2.2990818e+00   5.4996300e+00
  -4.1526641e-01   4.7264495e+00
  -1.1084118e+00   5.6414464e+00
   4.9008424e-02   5.7435520e+00
  -2.0146973e+00   3.8379616e+00
   1.5346375e-01   4.0501047e+00
  -2.1621779e+00   4.9484578e+00
   5.1299574e-01   3.6547301e+00
  -8.2033248e-01   2.6812597e+00
   1.9312193e-01   3.2724403e+00
  -2.4272535e+00   6.7538585e+00
  -1.3653532e-01   5.1632474e+00
  -1.5942670e+00   5.3760493e+00
  -2.5386655e+00   6.3871691e+00
   2.6197652e-01   3.1803637e+00
  -5.8920070e-01   4.6595431e+00
  -1.1579974e+00   4.7563227e+00
  -7.7180789e-01   5.5348682e+00
  -1.4841491e+00   6.5250170e+00
  -2.3616149e+00   4.9239479e+00
  -3.1118812e+00   6.9959493e+00
  -2.7163412e+00   5.9070030e+00
  -1.4695020e+00   6.3425316e+00
  -3.2787122e-01   5.5172958e+00
  -1.1049744e+00   4.2447267e+00
  -8.6568988e-01   6.5913360e+00
  -1.4545432e+00   3.9809199e+00
  -6.8732868e-01   5.0297517e+00
  -1.8583202e-01   5.9628723e+00
  -1.7452049e+00   4.0692704e+00
  -2.2674218e+00   5.3442751e+00
  -4.5638262e-01   4.3928982e+00
  -1.6442162e+00   5.4606112e+00
  -3.2143082e+00   6.6122637e+00
  -7.5357730e-01   4.6302867e+00
  -4.0191774e-01   5.0807592e+00
  -2.9678460e-01   6.5320382e+00
  -6.2927153e-01   6.1608539e+00
  -1.0793078e+00   6.5383734e+00
  -8.7661136e-01   5.4121245e+00
   9.3538626e-01   3.4348086e+00
  -9.5373572e-01   5.2982215e+00
  -1.3515400e+00   5.7638735e+00
   3.9183715e-01   5.1994209e+00
   1.5719599e-01   5.0777443e+00
   7.0808651e-01   3.6252771e+00
  -3.4580964e-02   3.3988729e+00
  -4.4140060e-01   3.5420657e+00
   3.9018975e-01   3.8305030e+00
  -1.1657956e+00   5.5217266e+00
  -1.2906431e+00   6.4856048e+00
  -1.8056058e+00   5.3208720e+00
   7.3420988e-01   4.9325752e+00
   1.3485243e+00   2.7647740e+00
   1.7250231e-02   5.6506417e+00
  -1.5895932e+00   5.3614483e+00
  -2.2031464e+00   6.6780181e+00
  -1.9017715e+00   6.0026181e+00
  -9.4269795e-01   4.4119803e+00
  -2.2863099e+00   4.7999407e+00
  -2.5509782e+00   3.7766944e+00
  -2.5075646e+00   5.6543574e+00
  -5.5019544e-01   4.6458926e+00
  -3.0399855e+00   5.6777569e+00
  -5.0807558e-01   5.5461147e+00
  -5.7678532e-01   4.7778485e+00
  -2.0559489e+00   6.1246596e+00
  -1.9460064e+00   6.1319927e+00
  -1.5788860e+00   5.5241288e+00
  -1.6376716e+00   4.5517703e+00
  -1.5300461e-01   5.0735967e+00
  -1.1434738e+00   4.7029428e+00
  -1.8515334e+00   4.1700437e+00
  -4.9567817e-01   5.5913308e+00
  -1.9888986e-02   6.6283423e+00
  -2.7257926e+00   5.1710560e+00
   2.0395624e-01   4.4119949e+00
  -2.0297842e+00   6.5821379e+00
  -2.9448327e+00   4.1264247e+00
  -9.2515002e-01   3.2963468e+00
   1.3093805e-01   4.2209606e+00
   2.2388740e-01   5.2953697e+00
  -1.3931382e+00   8.1303619e+00
  -3.1036630e-01   7.4371959e+00
  -1.1240270e+00   5.9423902e+00
  -1.1919556e+00   5.6511681e+00
   1.5045952e-01   3.9291784e+00
  -7.6129395e-01   3.3370324e+00
  -3.8318269e-02   4.4345552e+00
  -5.1016910e-01   4.9094719e+00
  -1.6447988e+00   5.4071351e+00
  -4.4909096e-01   6.1596200e+00
  -1.1543039e+00   5.1736084e+00
  -2.2251125e+00   6.9997346e+00
  -7.9556289e-01   5.5646956e+00
  -1.0074153e+00   5.7031467e+00
  -1.5241963e+00   4.0452203e+00
  -8.8177070e-01   5.6286211e+00
  -1.8474790e+00   5.9926852e+00
   9.0258611e-01   3.4433873e+00
  -2.5953283e+00   6.1291072e+00
  -2.5403550e+00   6.1632661e+00
   5.1255863e-02   4.9519338e+00
  -1.7674401e+00   6.0096527e+00
  -1.6395356e+00   6.3328766e+00
  -1.6380475e+00   5.3888614e+00
  -1.0286849e-01   5.0215687e+00
  -8.8135215e-01   4.9499612e+00
  -5.0297259e-01   5.6053673e+00
  -2.8600193e+00   5.4127916e+00
  -2.7819828e+00   6.8029474e+00
  -7.8128593e-01   3.8380962e+00
  -2.8804619e+00   6.7061419e+00
   9.0033357e-01   3.9299015e+00
  -6.7969037e-01   5.1070631e+00
   3.0653090e-01   4.0501304e+00
  -2.7723135e+00   5.7763245e+00
  -4.6784529e-01   5.0079988e+00
  -5.0977299e-01   5.5066164e+00
   1.4512578e-01   5.1943378e+00
  -1.3480172e+00   5.4788255e+00
  -2.3681396e+00   6.7703945e+00
  -1.7179399e+00   5.6829390e+00
  -1.5262495e+00   6.3197624e+00
  -1.3237095e+00   6.8051674e+00
  -1.2131545e+00   4.0855770e+00
  -7.4596322e-01   3.8961172e+00
   1.1026313e+00   5.0305614e+00
  -1.8363988e+00   5.2869515e+00
  -1.6676829e+00   5.7470849e+00
   7.5361398e-01   5.4785154e+00
   1.4670447e+00   3.2133992e+00
  -1.7328713e+00   4.5241013e+00
  -2.9140240e+00   6.0353407e+00
  -5.0418173e-01   4.9152629e+00
  -1.7042446e+00   5.8049291e+00
  -1.0772872e+00   5.4757131e+00
  -1.0998643e+00   3.8154816e+00
  -6.7757238e-01   4.6626313e+00
  -2.3083936e+00   5.4457882e+00
  -7.6285708e-01   2.8524205e+00
  -1.4174183e+00   4.0698196e+00
  -2.4898256e+00   6.4134521e+00
  -1.1419150e+00   4.1177935e+00
  -2.0459845e+00   5.7332090e+00
   1.8641122e+00   2.0445819e+00
  -9.4979460e-01   5.2301040e+00
  -1.0985811e+00   5.8127207e+00
  -1.2301171e+00   6.1039080e+00
  -1.1177507e+00   4.6819150e+00
   2.1709876e-01   3.5425766e+00
  -2.3866008e+00   6.3724841e+00
  -1.7678311e+00   5.3451158e+00
   1.3033884e-02   4.5432761e+00
  -5.2991484e-01   5.8292307e+00
  -1.1930627e+00   6.6781356e+00
   3.5348110e-01   3.5653736e+00
  -1.0998981e+00   4.6261751e+00
  -5.0877194e-02   4.5989548e+00
  -1.0031515e+00   5.5828625e+00
   7.9006204e-01   5.2673449e+00
  -1.7110613e-01   5.0771985e+00
  -3.4835923e-01   4.3030451e+00
  -1.8558597e+00   6.2960100e+00
  -1.4403829e+00   5.7237952e+00
  -6.1520955e-01   4.6672844e+00
  -7.1090163e-01   5.3696446e+00
  -2.4265673e+00   5.8879778e+00
  -7.2318962e-01   6.4408053e+00
  -6.4636054e-01   4.6059591e+00
  -2.7664098e+00   6.9804507e+00
  -2.1512485e+00   6.6030233e+00
   4.6133133e-01   3.8076875e+00
  -1.5442063e+00   5.8612611e+00
  -2.1314973e+00   6.3438264e+00
  -1.3603483e+00   6.5981103e+00
   2.4835286e-01   3.2529368e+00
  -5.7119040e-01   4.0874099e+00
  -3.2504046e+00   6.2645327e+00
  -1.5512104e+00   3.2263980e+00
  -2.5911805e+00   4.4735992e+00
  -1.6111534e+00   3.7395237e+00
  -2.9000130e+00   6.5560421e+00
  -3.3125222e-01   4.1198096e+00
   2.8103898e-02   7.0857996e+00
  -1.5466446e-01   5.2801326e+00
  -2.6993787e-04   5.2057143e+00
   2.4439709e-01   4.2393269e+00
  -1.8146837e+00   5.1365318e+00
  -1.5089978e+00   5.9601209e+00
  -2.3859971e+00   6.7148808e+00
  -2.9661457e+00   7.2468482e+00
  -1.9353723e+00   6.6586958e+00
  -2.3130896e+00   6.6027573e+00
  -9.4656239e-01   4.9518174e+00
  -1.3749069e+00   5.1648230e+00
  -5.6390119e-01   4.0205853e+00
  -1.9337272e+00   5.3504360e+00
  -6.6019913e-01   5.1700681e+00
  -8.0462209e-01   3.6974546e+00
  -2.6397968e+00   5.4662238e+00
  -2.9589565e+00   5.6264872e+00
  -3.3336633e+00   6.2480212e+00
  -1.6550294e+00   5.0443843e+00
  -9.1628105e-01   4.6783275e+00
  -4.8859108e-01   3.6108316e+00
  -1.9946688e+00   4.4938218e+00
  -1.4248197e+00   4.0913420e+00
  -3.2708686e+00   6.4024889e+00
   7.8237420e-01   4.4832612e+00
  -1.7872064e+00   3.7715161e+00
  -6.2508326e-01   3.8395608e+00
  -2.6031381e+00   5.4817519e+00
  -1.4925488e+00   5.7167061e+00
  -4.0327002e-02   4.7012534e+00
  -2.2118548e+00   6.3511741e+00
  -5.0124535e-01   3.5791541e+00
  -2.1811631e+00   5.0223959e+00
  -3.5275304e-01   3.5063356e+00
  -5.0641112e-01   4.8308045e+00
  -1.1235620e+00   4.3562204e+00
   7.9409769e-01   4.7630957e+00
  -2.6068180e+00   4.3403438e+00
  -4.6393760e-01   4.8018421e+00
   7.8071645e-01   2.2370261e+00
  -6.8923100e-01   4.0572646e+00
  -2.9194373e-01   4.5778342e+00
  -1.1857412e+00   5.4376755e+00
  -1.1841569e-01   4.8468441e+00
  -2.7964424e+00   4.3758607e+00
  -2.1316857e+00   5.9750901e+00
  -2.0900869e+00   6.2374173e+00
  -2.1452749e+00   4.8812103e+00
   1.3933881e+00   4.6832414e+00
   7.3049314e-01   3.6477463e+00
  -1.6196577e+00   4.5756159e+00
  -5.5821607e-01   4.9410506e+00
  -2.6537216e+00   6.3956843e+00
  -1.7059655e+00   5.7533926e+00
  -1.2923084e+00   5.4040214e+00
  -6.9456676e-01   5.3595888e+00
   2.0389732e-01   4.1291531e+00
  -3.8281444e-01   5.2857814e+00
  -1.0197905e+00   5.5487863e+00
   2.4246511e-01   3.0276376e+00
  -1.1840579e+00   4.5905350e+00
  -3.4504969e-01   5.4901164e+00
   1.0342548e+00   3.6697413e+00
  -2.1700072e+00   5.0515594e+00
  -1.2806748e+00   4.9178439e+00
  -1.9794879e+00   6.2936740e+00
  -2.5686424e+00   4.6962162e+00
  -9.8763620e-03   5.1811754e+00
  -1.4614840e+00   5.9235370e+00
  -2.7016872e+00   6.2924333e+00
  -2.0240731e+00   4.9481557e+00
  -1.4497204e-02   3.5294672e+00
  -3.5320700e-01   5.4650930e+00
  -8.8735020e-01   5.2989115e+00
  -2.5851579e+00   5.8983750e+00
  -1.5204089e+00   5.4168788e+00
  -1.9623112e+00   5.8343784e+00
   3.3872944e-01   4.6474378e+00
  -1.6624323e+00   6.3679289e+00
  -1.4883164e-01   5.1483184e+00
   6.9543848e-01   4.2280345e+00
   3.3725141e-01   5.1793259e+00
  -3.7820511e-01   6.3316581e+00
  -2.2895916e+00   5.8631907e+00
   1.3240700e+00   4.6941377e+00
  -2.3215878e+00   4.7158786e+00
  -1.6862295e+00   6.3383014e+00
  -1.0163453e+00   4.5166448e+00
  -2.5332588e-01   4.3348584e+00
  -7.2656045e-01   5.4557520e+00
  -1.8030673e+00   5.0489123e+00
  -1.9946652e+00   3.6097412e+00
  -2.5017913e+00   4.0316574e+00
  -1.3812349e+00   3.9910256e+00
  -1.2879408e+00   5.6170053e+00
  -1.1404262e+00   4.6388461e+00
  -1.3811265e+00   4.9028297e+00
  -4.9663104e-01   3.8169378e+00
  -1.1405009e+00   6.6968541e+00
  -1.5866500e+00   5.0839122e+00
  -1.2768929e+00   4.4399323e+00
   6.3961348e-01   4.4040386e+00
  -9.3495075e-01   3.6062633e+00
   6.1318210e-02   4.0171013e+00
  -1.3802084e+00   5.2758255e+00
  -1.7013269e+00   7.1604070e+00
   3.9322200e-01   4.5620950e+00
  -3.8805639e-01   4.9654668e+00
  -1.6033586e+00   5.9759536e+00
   3.7582872e-01   5.2124308e+00
  -1.2363713e+00   4.6544862e+00
  -1.0663692e+00   5.3422776e+00
  -1.0504068e+00   3.5574744e+00
  -1.1551338e+00   5.4885790e+00
  -7.1646001e-01   3.8777105e+00
  -2.4307896e+00   5.5750715e+00
  -4.5090712e-01   4.9039535e+00
  -3.4568648e+00   5.4961356e+00
  -1.0170732e+00   6.1141371e+00
  -2.1238351e+00   5.1154700e+00
  -5.4284309e-01   4.2241549e+00
  -2.0099989e+00   6.0923197e+00
  -1.3199730e-01   5.7079501e+00
  -1.7026188e+00   5.5049833e+00
  -1.9427264e+00   4.5597605e+00
  -7.2763506e-01   5.7660832e+00
  -1.3643186e+00   4.5289555e+00
  -1.5264020e+00   3.5091894e+00
  -1.5548525e+00   4.4167588e+00
  -1.5278309e-01   5.9115782e+00
  -1.4926656e+00   7.0300275e+00
  -1.1131299e+00   5.2432752e+00
  -1.5959400e+00   5.3780364e+00
  -1.1765665e+00   3.5466287e+00
  -1.7882448e+00   3.8382582e+00
  -4.8418953e-01   5.3915949e+00
  -7.3536448e-01   4.6514295e+00
  -1.5271141e-01   3.9004344e+00
  -7.4662448e-01   4.4210458e+00
  -6.7305178e-01   4.4270912e+00
  -8.0931277e-01   4.7972008e+00
   5.4738716e-01   3.2798632e+00
  -1.1269532e+00   5.2445086e+00
  -1.3596821e+00   5.4208720e+00
  -7.2003086e-01   5.5747035e+00
  -1.4005188e+00   4.7652526e+00
  -2.3241154e+00   7.0380494e+00
  -1.5953047e+00   5.0106114e+00
  -1.5574991e+00   5.7436495e+00
  -5.3061591e-01   4.3691881e+00
  -4.6767793e-01   6.2124372e+00
  -1.2082341e+00   4.6912514e+00
  -7.6706209e-01   5.6873142e+00
  -1.8909626e+00   5.1368237e+00
  -1.0981402e+00   5.8673787e+00
  -1.3054956e+00   6.0977201e+00
  -3.0751447e-01   4.5154049e+00
  -1.3606528e-01   4.2787847e+00
  -1.5489377e+00   4.7877096e+00
  -2.9301256e+00   5.7998237e+00
  -9.3925817e-01   4.5950186e+00
   1.6890837e-01   2.7871798e+00
   1.1446158e-01   4.2077497e+00
  -3.7281208e-01   4.9387506e+00
  -7.6873427e-03   3.8519369e+00
  -1.9312227e+00   4.9078707e+00
  -2.2568685e+00   5.1028955e+00
  -5.4080231e-01   4.7358107e+00
  -1.1541206e+00   4.3682720e+00
  -2.1858048e+00   4.5147926e+00
  -2.9414400e-01   5.9835482e+00
   3.8024300e-01   3.8271564e+00
  -7.3922918e-01   5.3386838e+00
  -7.1986766e-01   3.8450255e+00
  -8.7584711e-01   6.6495180e+00
  -1.7075103e+00   5.3617750e+00
  -9.7955663e-01   5.9986263e+00
  -1.4463633e-01   5.2402564e+00
  -2.1427611e+00   5.5641767e+00
  -4.6299733e-02   4.7957542e+00
   2.5613242e-01   3.8332091e+00
  -1.0862969e+00   5.1410332e+00
  -1.1149003e+00   5.7986193e+00
   3.7088610e-01   3.8507882e+00
  -5.2614431e-01   4.2695693e+00
  -5.5546601e-01   4.6003337e+00
  -1.1497521e+00   5.7334338e+00
  -1.8161567e+00   4.5549515e+00
  -1.4513305e+00   4.3154320e+00
  -5.8238033e-01   4.5392756e+00
  -1.9176363e+00   5.2294591e+00
  -1.0307475e+00   5.6130439e+00
  -1.7360439e+00   6.3010706e+00
  -2.3409510e+00   4.7468350e+00
   6.3000439e-01   2.5355601e+00
  -1.3047186e-01   3.2048920e+00
  -1.2062495e+00   4.0653790e+00
   1.4723639e-01   3.3097351e+00
  -9.1692523e-01   4.8826646e+00
  -5.2780422e-01   4.4065762e+00
  -5.7067574e-01   6.1753610e+00
  -6.9787460e-01   5.4881536e+00
  -9.8685846e-01   4.9708645e+00
  -1.0109742e+00   3.9326931e+00
  -1.7233366e+00   5.4976341e+00
   1.7838729e-01   4.7107364e+00
  -1.2980625e+00   5.5340554e+00
  -1.0417825e+00   4.7025250e+00
  -2.0733828e+00   4.6692369e+00
  -9.6868831e-01   6.3422457e+00
   5.0022426e-01   3.7739395e+00
  -2.1125328e+00   5.5938835e+00
  -2.7882349e-01   5.2400201e+00
  -2.4647068e+00   5.7551823e+00
  -4.6394770e-01   4.0672621e+00
   5.3804877e-01   5.6474863e+00
  -8.7592357e-01   2.5247410e+00
  -2.1551033e+00   5.9849348e+00
   7.1887536e-01   5.4446657e+00
  -2.0500336e+00   5.4090527e+00
  -1.6729708e+00   5.2385277e+00
  -5.6188960e-01   4.2461782e+00
  -6.2494251e-01   6.9185754e+00
  -1.0767409e+00   6.4433001e+00
  -7.4691011e-01   4.8445437e+00
  -5.6257726e-01   4.5611681e+00
  -1.1688739e+00   4.3754875e+00
  -7.3430498e-01   6.1986365e+00
  -1.3704985e+00   3.7939914e+00
  -1.5201704e+00   4.5099190e+00
  -1.5109530e+00   4.8758412e+00
  -9.2105181e-01   4.0169165e+00
  -2.0099985e+00   4.4477772e+00
  -1.6985285e+00   5.9619202e+00
  -1.1205040e+00   4.9997480e+00
  -6.4237417e-01   4.4000284e+00
  -1.2045497e+00   4.8800332e+00
  -1.0024530e+00   4.9085759e+00
  -1.6297975e+00   4.4931536e+00
  -2.5214020e+00   5.5777250e+00
  -1.6037526e+00   4.5568243e+00
  -1.5924305e+00   5.9965975e+00
   4.3032409e-01   4.7085372e+00
   2.4314611e-02   4.1871681e+00
  -4.9031989e-01   5.0319550e+00
   2.2277527e-01   3.6510015e+00
  -9.1797665e-01   4.4301509e+00
  -1.5689034e+00   4.7464966e+00
  -1.4167976e-01   4.7501486e+00
  -1.6783574e+00   5.3854539e+00
  -1.7806849e+00   3.6340614e+00
  -4.5760983e-01   3.8798519e+00
  -1.5816899e+00   4.8682311e+00
  -2.0421209e+00   5.3346424e+00
  -1.7869894e+00   4.9488374e+00
  -1.6373290e+00   5.8853863e+00
  -2.3713367e+00   6.8079232e+00
  -1.7422174e+00   6.2433187e+00
  -4.7300057e-01   5.0716057e+00
   1.1649665e+00   4.8550176e+00
  -1.5872751e+00   6.3178151e+00
  -4.0138516e-01   5.1811876e+00
   7.8006340e-01   5.8381906e+00
  -1.0158343e+00   4.7889297e+00
  -1.3794824e+00   5.4911358e+00
  -7.9005412e-01   4.5008873e+00
  -7.9213185e-01   4.3455272e+00
  -1.8226035e+00   4.5627211e+00
  -8.8630470e-01   4.2836809e+00
  -1.5926920e+00   4.1847618e+00
  -2.0972065e+00   5.2877128e+00
  -8.8149065e-01   4.3282646e+00
  -1.0091392e-01   5.8988812e+00
  -4.0224392e-01   5.1583256e+00
  -9.9825330e-01   3.3240065e+00
  -2.9725151e-01   5.6607421e+00
   7.9157988e-02   3.9978060e+00
  -1.1407963e+00   3.7038735e+00
  -1.3278029e+00   5.6239096e+00
  -2.8834611e-01   5.7051540e+00
  -1.0083729e+00   5.2567937e+00
   8.6865153e-01   4.4154840e+00
  -2.2959564e+00   4.9566192e+00
  -2.4934481e+00   5.6172603e+00
  -2.0627823e+00   5.4462514e+00
  -8.6121552e-01   4.7305211e+00
  -1.0580950e+00   5.6640094e+00
  -1.2380818e+00   4.4496190e+00
  -6.3958019e-02   4.2528545e+00
  -1.1524767e+00   4.6886755e+00
  -4.8383302e-01   5.1013225e+00
   6.2745579e-01   5.2766736e+00
   1.5814676e-01   5.9593412e+00
  -1.4876786e+00   7.0552246e+00
   1.2198251e+00   3.0201074e+00
  -2.8015183e-02   3.8808339e+00
  -7.6837117e-01   6.5660942e+00
  -2.0647814e+00   5.8574620e+00
   7.0289113e-01   3.6698260e+00
  -1.1115971e+00   6.2692521e+00
  -1.1138548e+00   3.7113658e+00
  -9.7062073e-01   4.5834945e+00
  -7.7397243e-01   4.0748942e+00
   1.2128011e+00   4.8626275e+00
   3.5253861e-01   6.0183750e+00
  -1.0803412e+00   5.6826616e+00
   5.8945039e-01   5.5018000e+00
  -1.3517024e+00   6.5298822e+00
  -2.0667438e+00   6.1366491e+00
  -1.4556359e+00   4.7874400e+00
  -1.6070596e+00   6.0897976e+00
  -1.1246833e+00   5.3481820e+00
  -1.0686857e+00   4.0644155e+00
  -1.7380672e-01   4.1032142e+00
  -1.7049933e+00   6.6479395e+00
   2.2155880e-04   3.5017735e+00
  -1.3063738e+00   5.4336048e+00
  -4.8818129e-01   4.0847415e+00
   8.3868231e-01   4.5656309e+00
  -8.6405150e-01   4.0796472e+00
  -4.9845868e-01   3.6609516e+00
  -1.6938930e+00   5.5389734e+00
  -7.6799904e-01   4.1166096e+00
  -1.7886702e+00   6.5281653e+00
  -1.1716426e+00   5.5371417e+00
  -1.7076311e+00   5.0583086e+00
  -9.0959686e-01   4.6546680e+00
  -1.8809281e+00   3.7099397e+00
  -1.4288487e-01   4.5623386e+00
  -7.3619823e-01   6.7593442e+00
  -2.2827662e+00   5.9079029e+00
  -2.9594462e+00   5.0926020e+00
  -2.5048389e+00   6.0422994e+00
  -1.9337538e+00   6.0979969e+00
  -1.0111198e+00   3.8599435e+00
  -6.1667085e-01   5.2645448e+00
  -2.2099717e+00   6.8418092e+00
  -2.7928063e+00   6.0939875e+00
  -1.4983003e+00   4.9888854e+00
  -2.7091896e+00   4.9761785e+00
  -1.2396701e+00   5.1805673e+00
  -2.1564442e+00   4.7027473e+00
  -5.5530140e-01   4.4900786e+00
  -1.6390501e+00   4.9588249e+00
  -9.3359626e-01   4.9258305e+00
  -1.9649537e+00   5.8856212e+00
   7.3496477e-01   3.7676672e+00
  -9.1410973e-01   5.0173566e+00
  -1.2769033e+00   3.6542690e+00
  -2.3265413e+00   6.5313192e+00
  -6.5984336e-01   3.9713573e+00
  -2.0944615e+00   5.3041235e+00
  -2.1677082e+00   5.7309642e+00
  -1.7073383e+00   6.1286734e+00
  -1.6652373e+00   4.6389130e+00
  -1.6221288e+00   5.3342932e+00
   6.6060161e-01   3.6606833e+00
  -3.5185651e-01   3.7345228e+00
   3.5624576e-01   4.2904102e+00
  -3.6790406e+00   6.1918132e+00
  -1.2766130e+00   5.1030449e+00
  -1.1498418e+00   4.1825013e+00
  -1.3228555e+00   4.7158816e+00
   6.4855875e-01   4.4642333e+00
  -1.5173901e+00   5.8601665e+00
  -1.8102785e+00   5.1709392e+00
  -6.8202332e-01   6.5644990e+00
  -2.2450729e+00   4.7423158e+00
   6.2726328e-01   3.0253367e+00
   9.8707977e-03   5.9108154e+00
   1.3306845e+00   3.0314858e+00
  -4.4573101e-01   4.5591076e+00
  -7.9542867e-01   4.0390740e+00
   2.3860375e-01   3.3644600e+00
  -8.6473939e-01   4.2625238e+00
  -1.0194597e+00   4.8686694e+00
  -1.9439575e+00   5.0842244e+00
  -1.7741954e+00   6.1381219e+00
  -1.0370426e+00   4.6560859e+00
  -3.3808058e-01   5.7681334e+00
  -2.1586592e-02   3.7985878e+00
  -1.6549587e+00   3.9768853e+00
  -1.4726101e+00   5.4916891e+00
  -1.8841108e+00   6.5854634e+00
  -2.2485150e+00   5.4226771e+00
  -7.0759873e-01   5.9236608e+00
  -1.2984546e+00   4.9383926e+00
   3.3598494e-01   3.7840783e+00
  -1.4311909e+00   4.1430998e+00
  -1.2599707e-01   5.4902716e+00
  -1.5116703e+00   4.1336338e+00
  -5.4838592e-01   4.4916670e+00
   2.3045310e-01   3.7098810e+00
  -1.1856399e+00   4.4231968e+00
  -7.8228229e-01   4.6454621e+00
  -3.6331913e+00   6.4407212e+00
  -1.4714276e+00   5.4401263e+00
  -8.0008898e-01   4.1687287e+00
  -8.8967342e-01   5.2399710e+00
   6.6221231e-01   4.6148906e+00
  -6.5942217e-01   4.7082605e+00
  -1.0016443e+00   4.8040214e+00
  -4.7790089e-01   3.6917387e+00
  -2.2926694e+00   5.9150961e+00
  -1.4678471e+00   6.6595363e+00
  -5.0341777e-01   5.4004858e+00
  -1.2329311e+00   5.0168744e+00
  -3.3937901e+00   6.6961462e+00
  -2.7691706e-01   4.7987560e+00
  -2.3684184e+00   6.1803374e+00
  -2.2627121e+00   5.7381082e+00
  -5.7436518e-01   4.7954625e+00
  -1.2429786e+00   6.4983229e+00
  -1.7793805e+00   5.4963597e+00
  -2.5796326e+00   6.3427014e+00
  -1.6223098e+00   5.9849444e+00
  -3.1872694e+00   7.2428137e+00
  -6.4525818e-01   4.6878378e+00
  -1.0753272e+00   5.5819390e+00
  -2.3056852e+00   5.7096489e+00
  -1.1973940e+00   4.6804449e+00
   1.9370510e+00   3.4429258e+00
  -7.7676583e-01   5.4117492e+00
  -6.0154214e-01   4.1537260e+00
   6.1019979e-01   5.5660554e+00
  -6.1383873e-01   6.4383450e+00
  -9.9029220e-01   4.3637817e+00
  -9.2749951e-01   4.6633246e+00
  -6.8080597e-01   5.2401777e+00
   7.0861595e-02   4.8134724e+00
  -6.9916782e-01   6.0490173e+00
   1.7218874e-01   4.3520718e+00
  -1.1094148e+00   6.4353517e+00
  -1.7275788e-01   3.8632454e+00
  -1.5198279e+00   5.3294969e+00
  -1.4697348e-01   4.8536369e+00
  -2.1751201e+00   4.7502044e+00
  -1.4544004e+00   5.2784590e+00
  -1.5061088e+00   5.0234066e+00
   8.0369269e-01   4.8409372e+00
  -2.0127482e+00   5.9789522e+00
  -2.2402892e+00   7.2255407e+00
  -7.3343501e-01   5.7293625e+00
  -2.2077523e+00   5.6929827e+00
